37 54 
37 55 
37 56 
37 57 
37 58 
37 59 
37 60 
37 61 
38 51 
38 52 
38 53 
38 54 
38 61 
38 62 
38 63 
38 64 
39 49 
39 50 
39 51 
39 64 
39 65 
39 66 
40 48 
40 49 
40 66 
40 67 
41 47 
41 48 
41 67 
41 68 
42 46 
42 47 
42 68 
42 69 
43 45 
43 46 
43 69 
43 70 
44 44 
44 45 
44 70 
45 44 
45 71 
46 43 
46 44 
46 71 
47 43 
47 71 
47 72 
48 43 
48 72 
49 43 
49 72 
50 42 
50 43 
50 72 
51 42 
51 43 
51 72 
51 73 
52 42 
52 43 
52 72 
52 73 
53 43 
53 72 
54 43 
54 72 
55 43 
55 72 
56 43 
56 44 
56 71 
56 72 
57 44 
57 71 
58 44 
58 45 
58 70 
58 71 
59 45 
59 70 
60 45 
60 46 
60 69 
60 70 
61 46 
61 47 
61 68 
61 69 
62 47 
62 48 
62 67 
62 68 
63 48 
63 49 
63 65 
63 66 
63 67 
64 50 
64 51 
64 63 
64 64 
64 65 
65 52 
65 53 
65 54 
65 55 
65 56 
65 59 
65 60 
65 61 
65 62 
65 63 
66 55 
66 56 
66 57 
66 58 
66 59 
66 60 
